0 0.388802 0.934259 0.415104 0.131481
1 0.832292 0.927315 0.335417 0.145370
2 0.395052 0.492130 0.349479 0.473148
3 0.091667 0.456944 0.183333 0.450926
4 0.829687 0.481018 0.300000 0.504630
5 0.780729 0.093056 0.266667 0.186111
0 0.388672 0.923611 0.414844 0.150000
1 0.831250 0.926389 0.332812 0.138889
2 0.390625 0.442361 0.343750 0.456944
3 0.092188 0.432639 0.184375 0.404167
4 0.826563 0.455556 0.300000 0.447222
5 0.776563 0.083333 0.271875 0.161111
6 0.426172 0.062500 0.280469 0.125000
7 0.136328 0.080556 0.188281 0.161111
