0 0.848958 0.936574 0.302083 0.126852
1 0.420052 0.936574 0.426562 0.126852
2 0.427083 0.523611 0.358333 0.450926
3 0.850260 0.506019 0.283854 0.497222
4 0.101302 0.457870 0.202604 0.463889
5 0.800521 0.112037 0.253125 0.224074
0 0.850781 0.934028 0.298438 0.131944
1 0.420312 0.932639 0.428125 0.134722
2 0.421875 0.454861 0.353125 0.473611
3 0.848047 0.482639 0.283594 0.445833
4 0.100781 0.431944 0.201562 0.413889
5 0.793750 0.100694 0.262500 0.195833
6 0.452344 0.068056 0.284375 0.136111
7 0.151172 0.074306 0.196094 0.145833
