0 0.239844 0.859028 0.228125 0.281944
1 0.514844 0.834028 0.185937 0.331944
2 0.877734 0.805556 0.244531 0.388889
3 0.266406 0.463889 0.209375 0.336111
4 0.520312 0.409722 0.256250 0.361111
0 0.240625 0.861111 0.223438 0.277778
1 0.514844 0.836111 0.181250 0.327778
2 0.878125 0.807639 0.243750 0.384722
3 0.264844 0.457639 0.206250 0.315278
4 0.526563 0.392361 0.251563 0.368056
5 0.847266 0.312500 0.305469 0.447222
6 0.102734 0.502778 0.205469 0.277778
7 0.060938 0.856944 0.121875 0.286111
8 0.222656 0.139583 0.253125 0.279167
